
Next array:
1741 1982 2474 3312 3416 
3600 3891 4170 4419 4471 
4807 4811 4881 5110 5293 
5545 5769 5893 6583 6657 
7566 8349 9106 9308 9668 

Next array:
840 2465 4461 5919 7882 
939 2512 4740 6238 8059 
1477 2934 5182 6863 8136 
1842 3897 5298 7257 8571 
1953 4251 5737 7673 9069 

Next array:
1126 1202 1566 2071 2217 
4385 4197 3187 2956 2516 
4776 4796 4821 5309 5554 
8105 7831 7486 6343 5809 
8596 8737 9156 9648 9893 

Next array:
782 1449 2246 5272 7328 
1010 2023 5099 7276 8558 
1689 3053 7270 7759 8717 
2677 7139 7653 8709 9192 
5668 7514 8572 9062 9969 

Next array:
175 407 633 731 2317 
7078 7217 7975 8038 2318 
6728 9427 9838 8097 3295 
6697 9104 8397 8146 4541 
6532 6023 5772 5719 5688 

Next array:
254 1837 2295 2699 2863 
2947 3333 3459 3887 4702 
4874 5071 5121 5306 5511 
6131 6165 6219 7880 8257 
9458 9551 9700 9956 9984 

Next array:
145 1534 2905 5309 7670 
753 1704 3073 6192 7742 
754 2162 4092 6878 7794 
936 2189 4471 6992 8320 
1337 2790 4641 7638 8720 

Next array:
856 951 965 1008 1482 
3759 2773 2601 2381 2025 
4256 4418 5054 5757 6234 
9276 9176 9163 8945 7545 
9309 9408 9524 9710 9809 

Next array:
134 1265 2591 3768 5627 
604 2134 3434 5445 7127 
1817 3408 5139 6812 8036 
2801 4743 6641 7596 9575 
4728 6272 7401 8787 9763 

Next array:
178 971 1672 2523 2539 
5124 5229 5472 5689 2582 
4845 9142 9785 6945 2957 
4804 9004 8080 7299 3127 
4797 4411 3907 3744 3446 
